1701
13048
14183
1403
19864
14846
1275
31070
15565
29401
19726
3070
29712
20068
17521
17351
17290
31346
2058
16795
14063
17637
17603
32229
12985
23280
11327
17960
17399
16922
20605
18271
17398
23320
16043
19854
14759
10029
31550
12844
16123
2326
13568
2135
11953
19115
11035
31419
31373
19816
27256
31610
31000
31021
10567
31153
17772
12702
16580
22703
12282
30996
32403
14675
13540
31178
12456
10393
10448
18069
15561
18083
30415
25466
16504
10504
13857
17291
24057
16722
30638
10205
18785
29563
14019
19759
19787
10228
12899
32043
14487
11602
30226
11503
1004
2345
15885
14056
14484
17891
30969
12724
12786
19557
14738
1344
12810
16553
1200
26881
16129
31482
31152
29357
1165
15940
21157
28932
12535
13276
15252
24739
10130
16975
18205
12943
29565
17537
1229
12501
28946
1138
23090
13445
11216
22104
18800
32505
18691
12188
12229
13618
32105
12727
30777
14828
28164
30732
25877
15876
1273
19359
12087
13171
26496
21219
21401
23585
31335
15186
31173
14377
31616
32201
18273
32297
13705
13253
16366
24023
15464
1299
12106
10403
13271
31940
13584
19883
11799
18480
31413
17944
31460
11453
29835
11937
31978
1866
32137
2963
11558
32496
14791
16824
23747
1490
19763
16915
27200
14346
30092
19880
1045
31501
13746
12067
13335
19419
30746
30124
30909
16540
14093
26829
25790
132
14570
30639
17097
23805
28311
13858
27941
1157
22296
16692
31519
24293
21273
30944
12753
1118
11272
30744
10563
32245
16452
17866
16151
32488
10671
21602
19262
1453
21127
13069
19946
11126
19386
1618
20824
20757
14663
29198
12969
1668
31950
26472
18335
1821
14792
30825
10358
13406
15921
20139
14336
30555
2891
23407
14945
26083
10252
18575
20359
19724
13861
24991
11162
31434
16597
19248
15741
19205
17198
13263
12692
30851
22384
15487
15027
10422
26473
31136
29915
15279
12189
31949
15441
1185
25832
31268
23305
11700
1276
20599
17518
32520
19290
31243
32548
15683
1253
29526
1710
13688
17223
17627
30737
12667
30162
15878
1366
31397
30866
18593
14688
17312
13099
2977
14522
17753
16737
17280
17345
21294
26290
16855
14389
2300
10329
31977
32017
1127
1905
2292
16864
28261
1473
26268
15641
31295
19777
12290
10319
13605
28404
16928
31351
19301
30811
19940
1539
16430
26009
16138
114
13695
21622
22872
32385
16690
31623
12313
21477
10462
22016
31942
30947
16559
1715
31994
13834
21035
2202
1092
17967
17551
21947
11946
18953
15675
10965
11971
21690
32423
15788
28286
22913
13408
15216
25789
18445
31715
21627
22099
1693
29051
11011
11626
10839
17443
31770
23919
10332
20333
13596
31691
14394
12098
26815
13918
13551
31237
206
16242
13077
21304
13603
31305
12195
10275
32086
10647
25851
31239
10903
11669
18693
10897
10585
30800
14927
19702
3014
12645
18789
24905
18357
32569
18223
23597
2055
17374
29973
18020
14904
14998
32054
25746
12094
22568
192
11401
12476
32228
31570
31151
30738
13399
22095
16927
17350
17961
19491
1862
1155
156
1796
32461
14118
17086
10882
32073
22477
30234
12426
10467
12925
11997
31324
1891
23598
10985
22829
16019
11306
15728
18876
30976
17631
15607
23009
12828
30974
1000
31924
30410
21788
23934
151
22942
23066
12364
17643
19
25366
32068
11698
16451
28374
14352
17331
20511
30691
28558
17066
12703
32246
15472
16628
19429
16456
29060
19757
14638
10139
32536
1748
24026
28630
18951
16798
1526
14131
10235
32222
18830
15189
13131
19666
11707
23497
15407
15105
31685
21710
17475
20084
29913
22507
16916
23078
15781
15880
17396
13291
16848
23884
12003
28379
32326
15850
10369
16142
18675
13152
24861
11394
1628
13379
31003
13167
32233
32546
14044
22820
17275
30318
17088
32333
16
14398
22232
31051
27432
10691
10684
1501
30984
30190
19884
21315
11913
30085
11314
21316
13717
16503
10914
17149
10427
16853
17614
13731
32261
31317
31424
16377
24306
13801
11206
15663
17423
17037
25285
2319
25668
11942
1010
1036
11027
30138
11562
11917
27587
32559
28574
10510
22710
12888
22357
31116
24740
1843
31500
15853
28700
27675
15516
1879
23256
1231
17625
32041
22906
11042
12953
14935
22327
12
12671
16576
31383
20525
12089
1508
10104
26993
12293
10444
19208
18245
13926
11282
14859
29365
30095
13123
13198
15285
18940
31497
13076
14186
17832
16966
18160
14301
21772
17224
2
28306
1853
225
22812
2954
18177
18352
13752
19365
14015
12767
2028
28810
2173
13547
17929
10434
10367
30126
11825
16475
20369
30831
12684
15803
13672
21679
23225
14928
22955
23505
12954
13498
16289
11806
20201
26031
10200
16888
14855
28982
14878
11695
2685
17089
32114
19067
2112
16060
24055
14054
12006
15095
30192
14938
18009
16269
11678
16549
14573
11357
1034
32083
1965
12593
12493
1323
13557
11864
14357
18206
27900
16155
13504
11304
31380
18272
17464
18835
17382
22082
14630
14029
13843
31494
12799
15635
13087
23690
12361
30845
14458
26757
11251
31336
30271
24459
31433
12913
29125
31511
15981
17941
31088
13905
19293
1477
12576
26483
13075
15796
28275
1961
15362
19126
13178
12488
19184
1126
30514
28964
19289
10523
32006
11823
17158
2221
13875
17429
14168
10520
25691
10901
13063
23140
14233
1575
16931
17846
12371
16823
32033
13012
12839
15521
18755
14057
1613
26991
14383
10589
1504
14943
11900
23636
21078
11307
31079
30724
14724
1664
25900
10397
32216
11139
1436
30829
23261
19435
13260
32226
30014
22015
29487
16586
31138
10142
11287
1886
30337
16551
18678
20143
15010
22459
30120
12458
29243
31142
13947
22049
1705
31329
14552
1116
30310
18234
16902
28795
14266
15731
23733
15349
2816
24267
16656
11474
21475
29475
10449
23654
12316
11769
17965
16808
31135
11408
27000
20252
19375
11207
18802
16447
13351
13808
16532
16502
17337
30141
19013
12709
14537
21425
20140
1742
17463
11424
10516
12278
14197
18026
15686
13786
14534
32490
11523
1503
10327
14460
25371
14021
31989
2618
23961
1392
27640
31393
30963
31535
28830
17466
18467
15715
12187
15312
1948
31778
31506
27155
29451
16655
16057
19767
12292
30867
28709
10185
30752
17210
32503
32103
22550
28118
2957
31206
23188
32551
30797
30307
30695
14907
24480
14584
10324
10122
12572
20123
29133
1978
16682
19363
16887
14906
15294
11285
17756
12833
19294
28843
30153
10645
15248
17847
11496
18240
15403
23609
23634
15436
13608
10071
12915
12679
25287
22790
25124
14936
15286
13657
17018
14787
12446
16063
24962
19853
24937
14576
23732
20738
10165
13922
32434
30739
10128
31250
17377
2800
23923
12428
32031
31408
25615
16863
24474
19835
16488
10363
20129
19204
15291
11684
11172
17568
14485
31677
13214
14699
20209
1824
1907
16578
32405
30942
16804
31258
13085
14666
16347
31126
1831
1636
16847
14726
11590
12240
12896
26080
13521
16963
14142
20215
10214
29142
27741
28929
14286
17823
24048
13973
24287
30713
15536
14265
17938
1054
14451
32572
31302
25886
32473
17034
13578
15462
32562
319
17875
21173
11080
31986
10087
32288
31005
15432
268
32341
30826
30263
31565
18615
17864
19674
18410
17616
30849
11632
18972
14662
24411
31893
23220
29891
20262
14686
17590
30918
24183
14182
14410
11328
21329
17046
32474
19457
24648
15084
31119
1928
31898
31999
13729
24986
12944
1892
14723
29606
273
24034
19410
15079
22940
32344
26783
21790
11870
1414
31382
31187
13955
19829
32492
31791
32030
15397
32249
30299
12319
31064
15525
17240
15685
15351
13906
16583
14606
2212
12866
2377
14714
31094
20298
10804
18151
20291
17015
2404
13278
19570
31370
13747
21073
17532
10208
19309
18925
1837
30035
11418
20034
17092
30664
19400
11072
1809
27852
31053
12716
15416
32338
16134
23586
10548
24061
12306
21158
32383
15345
23838
30116
17273
22892
23447
27763
16807
15507
16314
16985
3033
32140
19273
13574
22530
10935
13340
19085
31159
16341
31244
10709
28387
23907
30772
11484
31203
14819
31763
1351
21306
19318
23529
23683
13528
21202
29812
11649
1026
13784
26309
16411
10845
19820
32004
11651
31307
31937
10018
14988
32531
24989
32362
1859
11385
30940
15616
20243
17258
31020
10242
15524
16112
24790
19354
1502
10561
14887
1033
13912
11657
31146
32224
12237
16140
18349
15438
19014
30871
12806
31572
21691
16987
14644
24029
27238
16342
17255
18946
25477
23384
14969
17101
32525
23150
31648
17389
20204
28777
20330
30331
17128
19561
21871
14437
26282
27396
20028
30205
32312
20873
11303
30029
31322
11439
31566
16981
16320
18614
15476
26324
12239
12459
16378
23323
15197
17450
30179
16210
13322
23226
26092
15067
19750
3470
32514
31651
22471
21650
15372
1142
12904
10195
12647
19152
1218
27883
25314
15165
31437
25373
11090
30818
15300
28752
13139
16918
30322
16584
11351
1544
31227
14829
18516
12463
21436
10318
15290
28755
15296
25297
21091
29129
14542
26598
30072
125
10290
30497
11478
31220
19130
14716
16435
26299
19097
17353
30371
1194
11535
14037
16110
14157
11031
1333
28959
19437
13003
13494
12835
23006
10158
19288
25270
16160
22488
3893
32322
31495
187
29598
21716
19408
11232
15670
21233
16806
10445
12898
26896
14281
18671
29469
19020
15684
28005
14358
21494
31779
18747
1345
12555
32435
30235
32396
28409
10819
1747
30838
18648
10794
21910
26383
16637
23771
15623
16487
13770
18148
15660
11773
11399
14385
31985
27937
19683
21984
18147
26468
10239
14326
18299
11726
2265
21727
15689
16156
24327
30542
10135
32064
11269
32252
10078
32122
32091
22769
17204
14646
15655
10027
11128
12193
1484
23741
13740
1471
21703
20834
32564
15500
30835
29830
14184
11702
12890
20496
1060
24185
16318
13212
16445
18330
14496
14889
13620
27214
25501
12492
32570
1088
10072
11404
32001
14087
22957
29524
32442
20178
15097
2131
11969
12956
1462
16883
1857
31390
12162
19445
12963
16247
11599
12199
23628
1550
10521
24030
21376
15558
2679
14620
31377
19749
26374
30927
15489
14365
21620
17694
2506
31548
31621
14660
17195
30750
2819
18656
28974
2235
30060
13772
12126
31286
29645
22979
12978
17231
13317
17957
31188
32040
15618
16606
1338
12964
13940
18986
12251
32314
15474
32429
22965
13001
15712
16461
15757
24279
23773
12113
32426
19071
24000
14930
1454
15519
30999
18465
16739
30959
13478
17613
12225
23479
18974
11680
1042
31277
16757
16997
18129
11268
32416
28466
31230
31198
23785
18197
31830
13036
25559
32518
16960
32319
19231
14431
11991
30722
27535
30112
28182
26972
30053
2402
13249
11004
15104
26659
17023
31969
11768
30603
11693
30504
10317
16857
20275
12958
27414
10154
20654
16608
15609
16803
10860
31845
17227
16095
10540
23266
14196
32084
21007
11006
2929
32182
14499
16889
26094
31577
19809
21576
19994
31067
31438
19095
28960
22721
24197
24649
31308
13709
11793
18050
1379
17906
19599
18070
23459
13458
15350
14407
14705
25428
10615
24125
12353
16222
2581
26858
10679
1985
1686
14124
29953
15562
14684
13289
30679
22472
20372
15172
31028
13892
1052
13142
1132
23164
15026
1509
30058
29435
1063
13452
24138
13172
31223
32540
19353
10943
16965
13333
23954
32455
20815
30013
23069
2423
32507
10994
18673
1713
25770
12496
13337
13068
32251
13932
14248
3197
31340
15429
30037
31009
10469
31892
14163
26990
24605
23170
14604
23307
12433
23173
20257
19678
10256
23933
16379
23734
13872
19848
32281
15976
14713
1767
11840
15194
13668
18358
30284
13822
18546
21343
21008
12418
14167
147
19908
10430
22479
1322
14701
15039
12200
22201
1237
31367
15148
24384
11850
30767
14055
30710
31935
30402
13174
11894
22419
31421
13094
29525
25149
23160
12840
32527
22526
18708
21851
32214
10992
24189
20993
11593
2468
31428
19665
30810
12711
17663
15167
1111
17051
26560
30822
10120
13649
20121
1808
15933
24237
23430
22691
12513
16523
11210
32566
24332
21369
13455
11368
18424
17831
14519
19577
15952
30170
19612
13606
26847
11828
30430
15959
2352
19579
15902
31748
18066
15103
12948
13306
21829
13328
1171
15542
12722
15702
19098
12005
31954
11371
11339
19022
13110
13163
2705
14338
31556
1268
11550
13438
1226
25805
1106
1719
15058
16995
15804
11995
17682
31343
15049
16194
10433
12366
30726
23607
29707
12283
22367
13411
18396
15830
14527
30977
31226
25549
10696
10995
18805
31401
24369
16087
30579
32077
22057
3040
12056
1281
32239
30809
14382
24383
13161
16948
11862
21863
31181
1360
26502
20697
32346
21400
11473
17843
11278
1062
13095
14474
22636
24475
19414
13884
18017
12147
14901
15080
16885
14622
25090
17419
19874
12569
30446
31185
20660
16409
10622
2415
11301
27588
17367
17849
12406
21290
23308
17886
30932
15710
13844
10542
17441
10591
16929
31291
21275
30896
12789
2164
11721
11274
20976
31758
12640
10095
19641
30937
16524
1599
21356
17310
13294
31357
11362
24230
17108
14822
23295
14893
20936
22641
16826
22748
16909
30894
16192
23806
18749
12482
15727
32342
17829
10772
31798
21184
10308
31087
11609
12771
13634
19434
20773
17909
14150
31001
11143
21000
2269
29983
31294
29896
23635
30049
10073
14799
30955
24368
15491
17242
10253
10968
21886
17047
24413
21389
11388
1340
12455
19001
11240
31887
12700
30027
16593
31542
13610
22061
17260
14412
12580
30769
17139
10726
10014
15310
32138
30416
10868
18413
13037
15434
12682
19302
1301
17187
17385
2293
12908
16999
15505
12178
30958
12427
10501
14329
1727
12747
2496
19932
20040
30667
20947
31232
17579
18762
24439
14438
19088
17343
13100
32533
11182
25008
18251
31396
15056
2041
1154
31925
27734
32110
19447
32183
32240
31374
11249
32392
13409
18296
32244
2016
25057
18406
13984
2596
15792
23507
24610
23611
15864
17384
16858
30041
17750
31431
13209
27909
26013
32266
2882
18825
16182
16978
17297
16866
26613
20360
1569
10723
12624
31326
13566
32425
2793
32437
13971
16122
31576
17819
30119
10266
1546
12442
12565
17338
1151
13021
16845
23357
24159
19007
13183
31114
16695
11648
30134
16109
11087
2519
14574
19487
11325
12443
20632
14593
24352
13442
16303
176
14685
10162
20188
30110
10778
18519
1450
1875
10420
19655
22416
16947
24063
16612
30633
32417
15994
31228
2434
30313
18312
13127
20366
17256
14972
32398
12186
18643
124
14720
32107
22106
11658
19592
30367
13413
11851
32334
3855
13627
32395
16724
14750
2229
22798
12927
31073
3083
16762
31029
21028
19148
13213
15526
22161
30630
15175
30575
32220
15090
20574
22928
21900
32388
14062
13833
1582
28421
16974
14193
18884
31973
12160
19973
13245
21391
31199
11948
11390
19150
16772
21198
22515
31988
12228
29654
30922
12289
1814
18323
31400
31546
10508
10062
14463
14996
20063
31221
11848
21849
1580
18603
11152
18190
12514
1069
174
15334
31963
19961
12204
30280
20439
10438
11836
22319
26817
14238
12318
17544
10988
16526
1277
16899
17901
2613
30747
13524
24203
1433
26298
32303
20746
13284
20573
13742
30532
22302
30191
14202
31874
12795
12750
30820
10881
11897
24476
11244
11966
11082
16012
32087
18689
13953
14307
2224
31394
27908
32189
15492
14472
26861
29386
31362
23203
18773
16876
15658
13125
10046
12171
28161
26395
14146
3825
10798
30513
18873
17797
15096
14778
12417
32300
11367
12715
31826
28243
12155
16681
12184
15187
11289
21635
16838
22890
17621
31269
31256
11989
13098
26331
11049
13654
23212
12034
24239
13968
11633
18344
25709
20486
2498
16497
1736
32236
1258
20451
14360
32198
10450
18130
12201
15220
15682
13402
13535
18631
18664
30136
12797
19789
14569
1935
14094
31112
14343
15234
14129
149
10627
15020
20388
21482
17677
14359
11402
10753
1755
169
10064
4086
31483
1702
31160
31965
21964
12599
2390
121
1141
22271
13416
17710
26752
22078
26322
1006
30347
1743
30917
21388
31139
20916
16930
2783
10803
20656
21291
30946
31389
12154
30657
11290
30878
15811
1559
31459
23113
16811
32079
13112
13987
31365
1485
14464
11854
31341
31452
31162
15866
13951
1604
16375
23233
30734
26509
17395
21855
19421
31932
13232
23603
11876
19225
11125
10184
13854
234
24227
16994
31038
12860
27688
31493
23855
23112
20981
11313
1602
10350
4011
16279
18577
14501
16248
32023
14809
23682
25515
32059
14592
31683
28208
30819
2220
14880
16626
17208
1070
12873
17962
18754
22162
11430
32163
17440
16896
11672
16800
15996
21673
17254
21811
11553
28657
19727
30257
24354
15199
22409
11810
12408
14370
1227
1603
12705
12807
32139
14132
11741
15877
15539
1327
15914
11410
16148
12349
24133
19281
16352
18275
21492
10292
20664
1980
30665
16575
22590
11445
10377
18595
2421
14059
11243
11352
14148
16266
10339
19418
32522
31955
30286
13165
29919
31455
27826
14836
19706
12166
10364
2821
31395
31060
11653
17176
21454
25042
31443
16594
10121
21442
19427
18506
32152
10454
32428
1528
32095
1930
10596
30382
15848
30874
31235
12642
25849
28232
19560
11670
21981
10497
14429
16635
21617
17974
21671
18944
17607
16746
14321
20039
10038
15255
17029
29795
16712
15750
20479
14092
1160
13412
13824
16984
19564
17044
17675
23825
15484
24141
4077
31557
14800
13759
16837
16701
11025
11794
30973
24590
19568
19423
14373
16498
19425
25230
31170
23882
30538
10265
2174
16943
14140
16528
12337
18634
17057
10055
14102
21898
15738
15622
26596
22936
30978
12431
30486
16076
26355
17236
10980
12346
19587
31196
12882
30454
12875
29048
12843
13908
12311
29183
1348
11468
2544
31172
30201
31649
30557
25087
18898
23551
14627
15086
17075
12012
28868
19838
13194
24975
14974
27334
30130
19134
11685
31456
12737
18879
10396
30764
29410
30884
1619
18746
1860
16181
31155
32042
1577
17741
18641
1856
13419
32134
15986
12296
14595
1001
30966
17166
11147
12331
1219
26216
26816
17955
15751
11730
28765
32431
11775
25201
12553
12202
15200
24135
1270
23071
10480
18484
30702
17319
20481
12798
14881
30950
11731
17814
3260
29362
27440
32146
12620
31503
1326
16495
12780
30968
10948
14827
1643
1204
17221
30405
32097
22621
2126
24280
18794
32162
29639
15313
17397
17420
19590
12775
12838
18609
22600
2373
13691
11603
17289
16235
1770
14567
11892
18526
16048
29688
13407
1383
30158
17201
13315
30438
20971
10970
30140
17408
11924
10305
19877
18866
15891
16709
12068
30032
15967
31299
1037
32378
12999
32295
13664
22294
18926
14276
12983
15147
16647
24576
14599
16045
17323
11722
31552
15304
13215
17264
27157
19553
16385
31246
12269
32483
23185
13184
17191
31259
32476
19839
21143
15858
31477
24794
18756
22608
18990
14393
10174
13220
20005
10004
13684
31774
30006
31175
13055
18571
1470
1304
17306
23291
26456
19845
16983
10140
32571
24261
24113
1913
16897
20614
15949
14260
30615
32436
1456
31416
21930
28990
10670
15916
25399
1794
32078
22634
21558
22369
12368
12253
2310
31559
32465
30833
12540
12573
20832
32340
30990
22541
13950
12088
29425
21174
11791
29181
15908
25909
1263
11486
23555
31016
17090
13560
1910
19316
10458
16890
16652
17241
18515
12561
1867
13495
10574
31832
17135
11222
15773
22597
15534
2254
14282
14601
12596
14273
15653
11601
11982
25128
17680
20342
18748
17491
18932
16596
30456
13787
18302
15204
15725
13227
15576
25535
15636
2620
12373
16444
1238
30911
15414
17996
12203
30586
29022
18414
16067
11933
20607
12714
16525
15053
30148
23396
14363
31147
27552
11227
14229
11281
32287
11088
23801
29430
15579
1757
15002
16114
1573
25003
19969
25147
13101
22578
31270
10934
16220
13324
14096
24741
15085
15912
24552
1995
30779
16636
17063
11863
13102
22388
23103
13710
32389
13823
10895
17629
12215
14581
32553
18927
25071
11089
20093
31990
10092
32135
2017
11267
30431
1939
12059
16886
16387
16331
30042
10811
15070
12117
17001
19594
31889
30864
16035
10981
21888
32441
11192
12301
17656
30651
17105
15258
20650
31481
21927
11926
14565
13572
14115
15998
1447
31894
19842
19921
22975
17126
23299
12974
14154
19441
10721
28428
15694
29583
11598
25189
15188
15800
31853
25734
14978
13298
15477
10833
14406
13119
16283
14249
10933
24407
32081
13435
27957
26675
11631
30272
13569
16533
13231
22593
14932
13463
12017
12592
29490
1775
18347
11058
10052
16161
28952
29934
20053
14784
14350
26330
28966
1524
11847
13133
23760
16338
16674
15217
31118
15845
15303
31048
15326
10908
17547
23896
19498
10792
16029
15523
31303
32412
15179
17460
22413
12412
263
32221
1531
10222
10919
32130
16075
24422
24916
31435
11899
12801
12693
16527
14498
22060
26905
10471
23565
2288
10247
1785
19394
32061
17174
26114
15971
21302
13564
32080
11743
18642
11014
13262
13901
31062
30103
17655
15955
3434
23996
14375
10042
15054
32144
15692
13956
13909
17326
18525
1048
17226
23957
17492
1842
16351
32088
32142
11697
18963
14876
17262
20899
17586
10878
12381
23097
13235
10334
27612
30888
2561
13096
20879
14309
16741
32350
14201
16159
15224
32234
23319
19463
31190
27095
30736
16511
31423
31068
15826
15288
19038
31253
21059
16337
30817
17243
1452
18962
23633
21051
10304
31470
13632
28694
16471
11407
10594
32197
11416
11050
16383
20305
30250
15634
1394
20626
17004
31442
17739
1313
16392
20043
30953
1791
13977
14244
23373
15571
15236
1311
20688
31143
11725
10491
14023
14558
16623
25825
12893
26217
3285
21646
17509
2740
18563
19045
16880
16802
24173
1863
15957
30145
19580
31247
15879
15696
12475
1720
18391
178
11024
15574
32196
11115
22753
12752
17246
18427
10295
24910
16493
12710
13195
15260
12330
22331
13641
29195
31202
32516
32305
15125
31828
29427
14788
30111
22261
28996
17571
16703
14712
12938
14890
32028
15458
13342
2983
12467
14796
32011
14970
14224
14067
14760
16973
10432
17283
18309
16601
18058
10842
2972
13103
1249
11622
1511
17157
16437
13821
31182
16117
31375
11759
19550
14162
24446
15461
13776
19878
30572
12831
18868
21878
31879
14043
10894
15230
16135
32016
12110
12949
18137
19495
12420
3000
11146
20843
32406
2966
16219
15121
11857
16489
2583
16676
24862
32301
18507
32487
2796
20568
13689
31300
12543
21295
2547
12263
16386
19905
23593
11294
16446
16093
16898
31081
21624
13114
27311
24168
18741
13370
21080
23999
16717
13998
10389
15133
32269
21651
12259
31140
12400
11650
1212
11093
27489
22383
30276
12382
1067
13965
13575
13555
31046
13713
2178
31262
23402
20064
32349
13744
1650
15225
31538
10328
30155
10595
17245
31415
4080
11644
2308
19245
20154
16894
16801
23394
17426
31607
27110
15281
13868
14769
23869
32387
10801
15764
12146
32544
27115
12997
30962
10016
23060
1017
13146
24560
16604
13658
18080
23659
14905
11398
32058
10312
30863
10707
133
26319
16496
16704
32374
31214
17844
1209
12438
32211
19103
22439
1409
16649
1605
15011
2483
16126
13795
20862
16286
17171
11205
12378
16440
11425
13798
16462
23932
31521
24198
16685
13994
22537
12536
30309
13203
30775
13016
17676
20774
17124
21448
31449
26831
17973
31205
29317
31916
20146
18545
12235
14910
28662
16603
13286
1122
15732
25733
19189
18394
30781
32150
31518
13622
2107
15400
17570
1487
1133
30510
23623
284
25401
15092
32038
14024
16401
13636
18503
11733
16443
25850
16605
13430
11481
23431
11673
29157
19593
18173
19124
26920
17662
27626
16096
15881
30147
17918
10481
22669
23449
19271
21196
32254
31197
31388
18195
32552
3377
28049
28679
30065
13025
22
18436
30776
13453
15766
1437
19548
20192
19607
12010
30715
14916
31594
11494
14251
14736
13503
12521
20074
1956
17867
14942
10479
17841
13031
1788
31361
24959
12606
10412
31958
10477
10849
32549
15371
12399
1256
11291
19352
3051
2172
30712
15849
32419
17556
25606
14949
31132
23494
30022
20245
17514
10426
31260
15753
14786
31103
24420
13261
32136
11199
25197
1293
15196
12185
14234
14191
17244
23359
21840
10821
19629
14221
32106
16264
13358
109
30075
30173
1872
10171
30026
26842
13321
23538
1337
30941
23314
24304
10023
10124
30188
19078
18364
1521
17804
16023
2242
15972
30079
12038
14106
30259
17003
24107
31077
14004
20892
17543
15620
18340
18353
32101
13354
14430
21836
14989
28356
30893
16810
15131
11882
32032
19046
10353
17718
18744
18201
14991
10743
12851
14258
2476
24235
16494
17077
2436
32248
22708
21076
10607
32172
16641
14807
13349
2130
32003
17654
31267
10623
14689
17725
31805
12019
19528
32259
31279
11802
12633
30381
16926
20172
21804
1700
13938
23795
13794
28283
16512
18127
11044
17513
17381
19379
30002
1168
13853
19664
11780
30964
19535
10718
31783
32210
25358
10409
20380
29218
32323
31022
15207
11970
30653
16438
31264
16030
1733
12092
32010
1173
13975
15168
10708
13473
16272
32357
16215
15733
1080
16062
18980
12268
1309
22269
11888
29971
22611
25651
15650
27637
16412
32489
32454
15140
16431
23936
13873
12027
14516
14983
15366
30154
18788
24186
23512
21266
22704
18864
12018
18408
28469
32185
12665
16053
14664
27401
11642
21939
32270
17904
12497
21643
11283
20709
13024
16767
11067
2903
28276
30161
1398
31962
18578
14987
18511
21533
32242
32379
11779
16084
1076
20208
32268
20652
27154
2005
24756
11532
30209
17481
29492
18088
31608
17916
10437
26867
15570
12103
152
11817
23940
30753
18051
1101
18266
32133
12460
30771
14578
1423
12039
10791
18803
17334
1008
14539
17447
17142
19343
11195
14408
30640
13010
18727
1356
19039
1786
10419
29566
19251
22366
11081
16794
15124
31544
11461
10936
16094
15418
16290
1224
32530
30390
32415
22414
30090
13828
19494
1566
23025
13642
12863
31670
14330
27996
198
16025
11577
168
14888
16893
21429
31512
12614
14650
10829
14833
15263
12211
32367
32098
24462
30246
11805
10044
13397
17674
17488
20696
30080
29785
30898
16648
27537
20838
17468
16021
29145
30839
19741
11879
19638
1166
18362
31938
10176
14268
20177
16710
13193
31213
11391
21605
31718
21212
17209
16433
12651
31479
30025
21478
20902
29994
14933
20024
17425
31403
31560
30425
20424
12587
18225
15982
21402
15275
1244
30903
19622
15668
32325
32066
18199
14332
22764
12343
14386
27625
26329
30040
13057
19811
1762
13656
22835
16449
10998
20999
180
12208
13941
17465
17434
18118
19254
30364
32272
10603
32439
16196
24441
32324
32053
16441
13339
14440
32468
31976
1976
26368
15598
26780
14479
27381
10164
25828
18045
32539
16300
2350
11585
22538
32176
17764
31204
31352
28221
28704
18582
25599
20127
13946
23947
10036
23008
12782
17115
23910
31522
11045
10681
131
17253
29748
1596
27830
1410
25986
15832
11597
222
13619
16689
30931
12729
12634
13693
2846
1061
17025
16789
28391
31392
10126
11846
1114
16184
21847
30274
19851
12328
26600
19120
21013
15311
22512
32311
31575
14257
16780
11813
15992
30305
21574
10977
13434
13241
10663
17286
18646
11332
10599
194
16707
17059
11395
31161
1588
23031
12739
2870
32293
27776
23276
21333
22842
1183
1128
15630
17122
11349
11972
12261
30662
30935
25432
14384
30854
10105
16259
23571
24381
10150
28129
15818
16421
18752
14213
22045
17232
15431
12591
18287
24336
13382
30619
30970
25512
22778
17919
15882
16059
20371
14610
10370
23383
19268
11068
17228
13470
30882
1884
31996
1761
15544
24454
17473
30115
16951
1443
24126
10643
25403
20114
14116
10785
15887
29203
13039
2359
11220
2689
14628
20464
18565
12595
10665
13426
16711
11246
30465
31784
29209
17112
16323
11411
10440
10321
13222
11881
14823
1558
20730
14387
30731
29637
12439
14730
12832
16661
10378
23465
17780
30242
15752
11214
31194
15913
31689
12244
29958
32279
16003
32390
31254
129
13499
16149
13305
32411
31472
31122
15705
13147
25522
1631
22410
12276
23312
19144
23223
1465
32069
21144
14865
15988
10191
30837
23925
25394
31023
20836
15211
31504
12760
14491
16729
1679
32513
24323
31145
10048
15711
14322
20049
31314
24722
15402
11856
30975
29590
19596
12793
30743
20394
29697
19305
2165
11363
31058
30945
12666
20442
12423
11175
16047
2014
14033
32202
17747
15720
1745
17137
1926
13879
14874
16760
13124
12631
10517
13221
25546
12837
18097
16699
17937
1115
19538
12534
17357
30718
10530
30902
11757
17702
32118
32364
31852
32015
23310
32451
16557
31325
32160
31558
12151
32174
14544
14048
31043
11930
10386
21931
12148
23240
22149
23857
31108
18644
11740
15680
19064
22818
28357
31101
1019
14192
14220
13207
21741
17976
13856
20350
2737
19725
13652
12107
17634
30824
30783
21746
15767
17687
31747
11923
1090
23681
13680
12122
31780
1912
2127
11624
28053
12865
19586
12177
11096
11158
13449
1847
18356
32247
23349
12712
13348
10641
10534
32430
11983
25815
16573
11079
32542
14039
14781
22485
11464
12937
19972
22047
11671
16645
11812
30987
13548
11656
28486
12484
31328
14262
16579
21657
18742
1548
19083
2297
13507
24418
20986
24436
29848
30676
28993
1032
12046
11293
11377
17099
13225
19974
10546
12731
1425
10415
11890
12454
11233
17539
31133
22362
13157
11108
18213
28303
1586
27780
19721
11611
17924
11518
32393
22503
11699
28059
16558
12255
16031
31215
19927
11981
24495
31922
32458
13323
15572
15765
31274
1592
32363
21214
21519
17435
17390
1071
15990
30102
11077
19313
25456
1307
31407
12754
18853
13049
15055
12101
32354
31149
30560
31515
15999
18676
23783
2198
10246
21218
14104
20967
10745
2144
17787
21148
18487
16166
27109
12247
15343
12698
16214
17164
2445
16570
17879
32497
30745
10675
10088
18983
20206
15102
10633
18120
16099
20089
31124
11615
13481
12457
10966
15591
28687
31883
23088
11
17609
11905
26328
10082
31219
16572
32547
12324
12582
28065
24137
13512
22001
14768
22546
12175
10091
13660
12000
18222
32561
10221
18168
16172
10163
32219
14563
30754
30024
22284
1789
16718
24146
1752
10841
16708
32285
28185
30171
17993
15828
19132
16631
12519
2282
30204
1180
29359
32563
20247
29874
16238
25536
18165
1143
26652
14245
12813
15695
12468
27425
15379
13180
16124
29750
14173
1915
10750
30068
30132
12836
11561
1013
27160
17895
19637
23480
22475
23050
11421
23841
26218
10096
20922
16574
31569
29870
13840
17992
12755
24686
14264
32380
1966
12474
15206
17329
16391
24265
15546
15222
30321
10631
11295
24457
13084
22231
31467
29595
1830
12230
16394
30545
15822
30923
12131
11037
27218
11454
13210
15706
13273
31637
1898
30920
18896
18758
11728
18207
23489
13488
23281
17782
13280
10177
14333
11545
23004
30163
19555
24562
2427
16529
22115
31405
11537
14078
15409
10863
12114
18342
32410
23670
24942
13945
15829
16372
30880
17852
10359
14482
12586
17206
18796
11526
10883
30391
30801
27469
20162
13631
16581
31875
22626
31516
19604
31573
16851
16895
18208
27424
11159
17049
10483
30721
30146
31330
20720
11134
13831
12079
11459
15346
31903
31281
20494
13299
18887
30082
14903
1435
13827
31450
13501
32376
31180
20772
1272
18750
32292
27187
15356
12055
31191
29153
12206
2884
12805
10204
11994
19283
19062
22207
16190
19370
19957
15122
19073
16562
13881
30334
11389
28951
1540
25672
17081
15681
19645
31943
19118
15791
24262
17370
17373
23964
31825
10231
14508
16589
21824
27071
19306
17912
31310
10360
1795
28394
17802
14879
15480
32299
17618
26317
16473
30571
13341
30618
14813
14091
30773
30457
20477
17948
14631
30840
16326
24925
10476
23768
14179
23566
17121
17516
13790
20553
2394
15153
12617
21164
31165
12510
11868
11412
17777
11591
15315
19229
11832
17605
32284
21833
11711
19609
13236
30792
23428
16472
22298
31278
22282
19474
32565
16081
31098
32283
14986
16993
13485
20307
20407
1718
17661
19714
16188
30844
3739
27108
11505
13307
26574
16617
17041
13803
1083
12529
15552
19366
26362
19238
19342
17641
12218
11487
14480
12887
31011
32018
11837
11071
14371
10021
2321
30287
31280
13360
23361
32381
12524
31318
11770
31436
15257
17639
23406
15322
24450
1451
10629
13300
27321
31342
30848
31514
16630
10940
13480
31004
10410
16037
20941
11596
12909
10569
11570
21320
18082
28988
30047
31321
24888
161
16959
22118
18366
10825
27143
17653
29122
30418
30088
20274
23481
31910
19270
17903
12205
122
1946
1832
20608
21365
11364
26795
15271
25888
32119
18666
20767
32209
10766
31105
15215
19537
10866
1721
16768
14335
30482
31411
16256
23589
13675
2035
17413
31484
14017
18810
16208
18388
19591
19846
22946
30873
27886
22174
1146
32175
11816
14002
19647
17416
30419
1382
11999
14152
19923
16937
1380
28684
20418
24153
15299
1997
17610
11057
11865
32356
17068
13216
32243
24392
10944
3753
12751
32282
31554
27089
12730
30480
1265
32309
11452
23426
14896
19069
13764
32512
14825
30765
1709
31543
27739
12020
1368
32515
17668
26511
10325
30546
12743
27348
30168
15060
164
18645
27927
17030
22752
21058
15235
31567
10079
26796
31059
1104
14415
19670
13270
16111
31167
150
31533
2347
12111
1673
11947
17436
16736
12165
19834
17766
23412
19523
15704
14274
27605
1438
14211
12707
30728
31643
24460
13364
15906
12315
32171
10233
11193
10677
15101
12922
29656
15820
10579
16136
15730
1552
30778
31891
27291
12265
15508
16417
1648
16600
2947
18632
17055
15445
23210
2355
30593
2950
19333
12517
1512
32537
30289
20592
21621
23721
14667
13720
13138
22053
22661
22536
23139
13505
10990
30433
14223
1671
18787
10692
17410
31106
25566
1187
10484
19776
32370
17671
22124
2485
31090
15963
12891
29176
27790
17427
30836
29992
17995
23776
10237
11620
20207
16900
23432
10888
32125
10532
18228
29370
31854
16991
31041
13757
25520
30114
16144
11509
2881
14551
17474
12972
13871
1507
21443
16996
16715
11169
31975
13081
30481
20480
15193
22973
24132
17200
21974
16952
31137
2066
19332
17566
20261
13292
1656
13145
13725
32035
30117
12660
20788
25422
14883
30789
14929
22033
16702
16881
17701
10085
12032
19019
30078
12734
17134
12309
15123
1130
17346
15592
18880
12025
1771
15395
32446
10702
32511
14420
19965
19087
11346
10149
21347
32509
31333
23660
1467
30674
20454
17104
10805
15354
15488
31917
17281
11032
18428
16207
11157
12375
14514
24515
17759
21299
28633
20469
30051
20050
22423
12422
12008
22009
26364
27362
26693
27516
29751
19477
10283
29035
12013
19524
22311
30043
15328
30885
12077
20042
20884
14857
32241
25802
31071
13686
15596
26117
31897
16470
17926
20647
32206
30281
16244
2827
11912
21913
24768
13967
18141
11950
27196
10503
17151
31301
30821
12869
12226
11752
12310
10646
25246
1455
29673
32212
10198
13541
19805
12236
31242
14745
21854
16545
20665
10664
32329
1510
16413
10945
30740
24299
2177
14298
10269
30452
3934
17690
12778
16639
22067
1981
24698
12066
15904
13678
10053
23679
17180
15961
20353
20377
12390
17079
1630
30646
24946
32432
1108
10338
1084
30288
19981
12479
32200
24453
15481
19686
31529
27528
16812
12392
20798
25782
11766
21907
31272
11038
27525
30799
22840
11228
15411
12877
26807
15174
30906
15178
17807
30491
14374
17770
24375
14255
17982
20540
17853
17303
22682
2874
29292
14758
18095
30547
18574
32014
17994
30858
17036
1654
25551
16275
15550
31376
11277
32399
32478
22113
32108
14419
10001
12112
1621
22676
25555
12462
30244
10669
16765
15554
1393
31410
19983
15149
29247
1055
15817
20085
1191
15601
15482
16233
17681
16809
21029
1670
23867
13023
30350
29740
27707
13522
11807
31078
19930
31422
13661
17958
29985
12508
1342
30617
11830
12279
30580
12213
26575
10436
11559
17008
15517
1434
10958
11576
1367
15468
30913
20318
30319
23232
2424
1973
1999
14272
13080
31896
30919
31487
12234
2237
18930
16408
13347
16730
20452
15473
31013
16619
28680
22235
15269
16908
32499
1527
30576
11241
26259
18686
2378
20700
10827
16764
30774
12623
30701
15590
2419
13721
31446
16281
17487
14839
19123
14950
17019
11617
15478
12761
18690
25479
32529
14404
13799
11777
113
23404
13670
18668
26323
26579
28238
10963
21191
28542
18527
17838
15739
12824
30678
27997
11039
14074
10196
11540
14237
31719
13703
15659
18662
11588
18621
11151
31474
16785
21589
10909
2289
18289
11334
30577
17888
15577
31492
22005
25966
12004
32082
11144
11714
21715
14083
16334
27353
30474
12539
2759
10678
30991
32264
16174
20576
30108
18241
18321
12097
29825
16116
31564
11619
28066
20120
32453
15388
15106
30121
19257
31827
32158
31476
17401
32002
14785
32369
30073
11551
31218
14922
31944
16317
19183
18562
19633
1882
31453
16954
21452
20381
17788
32024
22805
16870
19266
16555
19024
21826
12216
16479
15205
32153
22152
12804
30804
21323
1391
31486
10608
26242
11322
14459
1072
1310
10843
27221
30007
26510
10262
16360
11738
11076
30118
18681
11028
30853
18918
16206
10704
30733
30399
31604
10485
20781
10234
13353
14864
14271
12973
14253
28302
20687
14232
27987
32117
32332
2311
15556
31091
14955
17712
19997
30980
14838
30039
17530
11987
16513
30714
25557
1560
13638
1095
31015
11762
17093
251
17998
14900
32409
2160
24443
1429
19576
16249
10418
18991
1869
20419
18955
22408
17707
25445
19493
18513
20038
18186
23719
13718
32055
12486
15714
15444
31432
20104
17979
1728
30228
32306
14488
13952
3916
32277
14147
16828
30492
30105
17523
1182
10357
19793
17327
15604
14297
10626
10112
27515
16193
30249
31311
10912
30993
12383
2811
12099
24091
11884
16152
21885
14090
18807
10529
15469
30870
18637
16644
10232
16105
20233
13961
3247
11607
31945
11433
22663
17152
16009
27459
16414
10404
1241
1665
26637
11764
1594
17219
13543
10899
12980
13523
17980
19174
1430
15404
17728
31732
23370
23784
32154
18067
32278
1765
12850
14722
14621
16919
16230
1820
12548
22981
12441
11842
32063
24011
26314
12047
13457
14010
24349
26427
30404
17010
14348
10133
17065
19453
18763
13728
31104
26490
15838
14414
20117
10326
10459
25946
17298
31588
11215
31044
19847
14615
25839
10838
28352
10736
16312
14853
20737
28413
31524
17372
31123
11379
14973
18629
32574
28067
31082
30052
14143
13343
14153
30727
15264
31445
1479
13780
15932
23781
29624
16582
11788
23235
20013
15004
17805
32495
20082
18370
10143
10984
13234
31339
10858
280
10460
2786
11785
32009
10828
19559
30565
16953
16514
2523
10012
30083
29809
16332
20739
276
17572
11266
15003
10738
17476
10630
14597
1373
30795
19277
13773
30879
18894
1937
15427
21611
30374
16646
30255
30214
16393
17406
18649
16424
17582
30033
12635
15716
14564
16213
17196
30936
30680
10581
14566
14176
32025
15506
15034
12662
12814
19513
17651
15699
16104
18823
10511
19893
16537
30985
13810
23552
31485
32128
13963
13391
25984
11795
20317
2336
23086
30660
19849
14284
12082
11145
10502
21484
20586
13118
32308
13724
19731
14962
11925
12738
18528
31489
12758
18158
12095
30459
27610
14614
13439
11130
16705
30507
21131
27856
15219
14577
19935
16538
2051
21584
10316
1914
14806
16723
15970
14743
1519
19547
13986
27249
17078
3899
24440
31998
23892
28866
32271
12469
10783
16492
14428
12045
11961
24429
30379
14794
15707
32177
15280
21784
2634
11179
31785
26425
20726
16407
14773
18759
25010
19876
28839
28860
17199
31995
30216
13532
15380
13196
1640
13739
14679
22726
30135
120
12254
26576
20975
16697
27986
10974
11676
11513
24757
22910
18329
17812
32180
31771
15144
32528
15406
10549
25106
32089
15606
22498
14215
17964
1264
15856
13635
13229
17935
32304
19734
29059
23197
20500
30687
32147
17414
14579
1117
30846
10525
11998
30841
32112
21999
19610
14741
15568
20684
15691
31387
30406
21787
10264
20108
25242
16476
1750
10451
11786
15854
23429
25407
30109
12644
24364
13301
11396
1708
26332
30317
10621
18965
11138
31441
23613
25562
13199
15405
1408
1731
22800
16535
17927
15365
12566
12081
30716
24603
11366
13936
10597
18488
18601
23172
11756
23937
14602
21757
16039
30719
14454
24455
14605
30349
18651
10571
18094
10624
15857
12784
14607
19868
13612
18891
1254
14125
20519
14956
19640
10213
1291
11437
139
32502
21284
13117
1164
31285
31225
16343
11490
14422
19515
22592
13894
13683
31951
27385
26893
14111
24766
27286
23895
14101
30928
15647
23852
1197
14589
11790
237
12450
13482
16516
31057
18119
13723
17931
26776
16714
12787
18073
14526
10157
24056
32498
25495
1535
15494
17011
28582
21457
1131
23647
32193
22192
14850
18077
14753
15693
31002
30123
32327
16827
12245
13443
22326
32328
30531
23375
12083
17713
10335
10022
2003
15883
13374
17650
19226
20025
20119
31808
29066
30622
18561
1975
10871
24452
20530
14200
14515
10168
10921
17368
10118
17054
11988
14754
26892
13537
31174
31478
20278
11758
12696
10024
24755
31156
15005
32440
30961
18699
30279
20960
2113
29665
11296
21297
32238
19192
20655
13444
12028
3151
211
19456
10654
22257
19346
11760
27898
32286
12910
10299
21761
32149
13389
12256
12141
18874
31386
12149
16879
11990
13140
10717
22513
1081
32123
30761
19623
30758
17506
23010
17836
30998
21720
11652
11564
2301
21991
16167
30342
13313
11333
17185
31304
16642
14314
12503
31128
19207
10831
30001
28738
2272
11358
18917
17433
12894
28623
31877
15651
22264
10361
15265
32265
1607
11646
10925
16591
32204
1066
11137
16753
21876
32060
14656
16103
1734
11663
31664
16906
12941
17418
30386
13176
19478
24315
11682
13701
15900
16205
12119
14915
15718
14737
100
19760
1691
10713
17746
14121
17959
30030
10344
18997
32052
21034
15093
16491
15425
31035
2145
19589
30424
22974
18589
17194
17355
10852
23326
11155
22221
19050
160
16426
2698
1772
18738
32517
13722
29984
14734
1529
14381
17734
15208
12615
13599
10893
31019
18046
17113
11173
19091
31134
16814
32113
31465
10514
31195
10346
30763
15530
21018
16914
22791
1751
11264
15968
17893
24156
16907
15535
32012
12790
27609
11883
1028
24640
10169
30070
15253
31979
31061
20710
13980
23475
15893
30971
31027
11235
14976
11229
30711
21026
31120
1426
10495
30842
11413
30785
13014
32000
25531
13474
14561
31800
26649
11835
22031
31971
11928
15016
30862
12867
10612
25017
16836
14305
12024
2484
19460
17856
30834
32524
14550
28156
2474
14704
12049
30815
25346
23981
19211
19492
19158
17697
17120
16852
10354
3092
16786
10947
18532
15758
14468
14694
22996
26484
30086
31412
31084
19693
1816
31530
30144
17870
32463
30063
16468
13393
2166
18163
14783
11047
10017
2180
26825
13852
25182
16306
13979
23255
1206
16153
10320
12035
30221
24206
13040
14946
32100
23145
11952
24748
19909
11026
28756
1300
31675
31054
31344
14637
10297
23952
2233
18514
15903
13916
12905
18096
14079
31957
12661
17234
10989
10742
30408
18027
19902
31037
29856
21952
23560
31127
14886
31510
31953
17558
15612
15157
1271
30312
20970
1359
21358
16423
23826
21963
1538
25300
11962
23853
18619
23600
12704
16587
17652
14793
12445
16936
31176
31231
12336
21956
27111
30793
15364
26154
30526
19416
28632
25868
12321
1565
30933
16602
12086
30860
14719
20166
21140
13022
24073
18811
26609
15779
12511
10777
17478
21696
30167
1267
21498
17858
31234
30423
10492
14149
21501
32186
12389
18061
2191
17455
2019
17027
32194
14376
15861
15901
31369
15298
18861
27772
30100
31141
30594
30681
10905
17100
22087
13064
12920
32132
28412
30952
17695
11903
1169
11578
15118
25119
14676
2769
11529
23699
17132
11336
15599
13582
21337
12987
12249
11211
31010
17020
1035
15582
26631
23590
30620
12982
19732
16643
1583
17966
12567
24913
25627
15585
11612
31499
20296
14912
16944
11117
21613
18139
31158
31337
11208
10795
30046
11500
19998
11239
30766
18125
31032
29543
1534
1690
21583
19616
26478
11257
17503
30005
13617
11429
19135
11238
14995
22982
11477
15331
13716
13567
10506
16017
14902
19618
32485
22484
17577
14040
21678
15145
31520
12812
16782
23688
17622
2057
20145
10144
13169
20004
13835
15483
16085
15979
19356
3087
32289
11715
28184
26226
21261
32321
2773
14744
2343
13060
30847
23061
12911
21923
17729
11922
18476
25957
23422
15956
32071
16903
1288
2034
17485
23813
30828
13812
16869
30924
10151
16610
22121
18383
13611
10183
31948
13900
16080
19525
12120
11062
2632
11867
23048
30066
22288
32482
31426
21179
11178
22003
15642
24597
25732
14618
15367
14596
14171
23592
14952
13529
31008
32051
1967
30735
19380
20196
11838
28048
12740
28940
12222
1486
15180
16243
12435
1962
30529
18048
31970
14362
14594
24363
10982
24953
14439
11488
16571
12016
17526
1458
12144
31164
17040
11638
27658
30009
16830
21639
13256
12590
10391
11675
14885
1285
11217
17527
20285
10284
10261
31562
11641
11153
10399
1572
16776
20438
16515
11167
26445
16397
24250
29844
1723
31371
19112
17683
11595
14926
14076
31517
30910
26447
30059
15141
10056
16566
17453
14940
30598
11964
24941
23209
20057
11921
13208
32298
2333
17402
1085
1889
12472
10857
11963
14178
11491
13237
2342
24164
21737
22551
15987
3637
13041
13265
11736
31568
13431
14110
16548
17189
11877
15266
16509
11094
14546
21095
31464
19705
19093
18768
11457
1190
30762
12181
2036
26336
12550
30806
15413
10875
190
20817
2528
3754
32104
10816
18687
11247
17136
17719
31857
20723
21856
10722
17615
30904
10400
1758
13957
32235
20401
13201
22234
25780
15633
19307
31671
13597
11470
28758
10734
13556
26436
15909
17757
21516
24426
14727
31776
16792
14105
15926
18966
30784
15851
21706
23224
1252
16585
18996
18737
28523
11225
1320
11181
15931
16285
3655
2935
20302
30320
10744
20745
30599
17689
19922
13937
25774
31956
12464
18399
15677
17574
32096
31531
14804
19639
15359
29944
16052
12952
10114
25380
30693
17456
18226
15807
20508
32157
11746
25826
17480
30293
11171
11614
16061
26719
13376
26197
30796
15221
21747
13920
17168
21748
2410
11261
17731
31749
26121
1321
15497
19470
1030
24152
1651
13779
19179
31097
10210
14732
15452
13530
15515
12471
13508
20058
32493
19518
20211
17110
28689
1230
13483
1992
14109
23034
19685
13988
31273
18772
19107
15942
30967
25943
10101
30237
2124
1591
14073
20236
1488
1109
12135
14041
32352
29005
32557
16588
1145
25625
12062
15624
11001
12584
16107
30056
22585
15954
25284
15051
1377
16750
16518
14613
30780
29498
18812
32535
17432
17736
23989
14961
30089
12105
30509
16743
18558
18489
18916
22064
17821
10526
22534
14867
15419
32075
31065
32065
11767
18231
18298
30099
2098
23678
1039
17525
30798
14447
21064
30912
13990
23390
28401
14492
31723
21732
1346
24493
29806
11317
1354
32074
1739
31733
32355
28677
31536
12854
17308
13890
11017
12822
15810
2964
17665
17332
23606
22074
16541
21272
18343
19578
29657
10737
18442
16672
13891
10972
12992
17617
16759
30048
10097
30231
127
21540
13650
15161
14331
20194
10775
1460
13544
1203
31113
16480
2244
25630
1087
20769
31100
21722
12401
15213
18870
16763
16621
31871
17302
24767
13228
14766
24750
30464
17988
13327
12405
12597
15071
32237
24099
14098
22236
11623
23982
12194
15143
32365
12655
2275
24853
32475
17043
32230
19798
14852
14230
1147
18548
15547
14816
30782
31541
22474
13915
24278
16271
27906
16627
14775
24130
14455
15770
15860
23980
10836
13586
25771
14354
18709
10040
11713
10861
13970
26432
23762
10964
12674
12274
11986
11546
12295
12076
16027
10352
20965
12659
18313
14391
15923
27388
3978
10551
110
31129
14156
31680
16819
12223
17250
12627
15064
10720
32400
20721
14423
24070
15578
10394
17305
10927
31209
21634
14897
27099
31928
29936
1951
15639
26630
32294
28417
18332
15433
17744
31186
10180
2303
30943
22941
28782
30670
16311
19276
2447
18587
18379
10203
10732
13758
31287
20498
24320
19889
20322
17670
27375
30323
13338
11381
11292
19325
10011
30008
17403
23290
1397
12936
14742
17600
17538
29612
16727
30673
30054
31447
31039
23000
12007
11417
15226
31107
1499
17371
27907
22491
22995
26535
1887
32353
24765
25714
16483
12490
31313
15697
22352
14790
13373
32347
32404
10147
14710
31997
17324
12663
15735
12994
19520
30956
21312
19299
15043
1642
31316
16732
31848
13525
23522
13295
31072
10224
20225
13255
1175
15656
1555
1712
12398
12429
16543
17082
27838
22399
15169
1612
32538
11204
1100
20860
14034
15703
18715
13645
17779
2291
26159
14027
12232
1316
14697
14294
1260
13687
32076
26348
1495
31210
11467
32296
30344
30934
17144
30644
16022
13513
14293
12011
16305
12564
16901
14161
27088
16962
15666
14884
20059
30730
16560
16336
1065
13928
17890
153
31006
13344
13115
29377
28434
27967
15989
16484
175
18611
32250
12669
24295
1325
22006
18779
32007
30875
13681
31183
32466
24885
17271
11873
18846
32256
10488
24139
31074
30861
32008
13895
17328
31252
15421
22902
19042
1556
32225
10759
26370
10817
11630
17789
18901
13166
16749
31284
11185
13806
16257
23807
16186
17211
32109
16825
23692
123
13630
10697
31526
30139
14187
32397
32166
20033
11119
20695
10033
20138
17733
11187
11297
19937
19151
12876
32480
13226
16850
17896
16224
22877
19740
30832
16231
10366
30411
12299
10535
14364
19260
15936
16544
13043
25121
31439
27225
12829
30187
15061
13832
15479
10341
17717
10555
30983
12966
24854
32190
11683
14554
24282
11841
31968
29106
20148
21797
22688
233
30149
11796
11431
30957
17116
16818
1551
14848
13316
20031
20075
10074
11605
20956
14031
18103
12901
19055
32121
11935
16258
32037
16171
20446
1336
18121
10134
20135
19455
31364
15342
27632
11549
25568
30447
13296
30852
32156
1797
11149
11688
11259
24116
30151
26228
19758
32318
18079
19680
32573
11737
12407
13518
10971
12037
22287
13573
28188
12286
15273
2603
10106
15138
25050
15396
15229
30358
32019
14749
11409
30004
17796
14030
27621
18164
2393
23487
32307
22306
2680
17542
16478
21958
1402
14693
13880
1449
13539
30899
30407
31959
30566
15645
20180
15231
10090
17359
10351
20898
13870
10802
11579
22433
16246
12968
28513
10365
15672
18494
13791
32358
13218
18369
12432
10337
15485
14683
32510
10220
1
18280
11426
31606
31184
11419
30606
25214
17504
10249
17446
30294
10614
32470
14341
17292
13714
15062
2828
15163
13594
10294
10918
17249
31238
30626
16357
10170
18140
11414
3094
18521
20790
30791
31862
19866
13755
15065
15859
16118
29341
10288
11720
32178
1056
1150
10719
18449
14103
30951
21700
1022
16784
20950
11798
21088
1376
32575
29493
30159
31093
12394
16183
17945
10117
31089
31701
21092
16382
31498
32232
11448
21721
17808
15022
13401
31366
29173
1199
30435
22768
30062
15325
13653
30156
17648
14426
11019
13958
20822
10153
31466
31056
1357
11895
31983
10558
16568
15865
14317
16700
19887
22580
1422
14139
10730
17991
21773
31154
11772
12096
22097
10699
19106
19128
31765
28377
18502
30954
30071
29476
15030
162
14216
23190
17300
29302
11907
14117
11382
1257
12258
24217
22259
19650
10194
15013
13130
18194
22951
16177
21257
12950
11315
19788
16195
12489
1988
32494
31026
12622
16115
16796
10749
11567
13820
15009
14543
12161
12776
23821
17469
19952
1541
21393
21361
10188
17830
14913
26421
1766
11360
15045
24247
30087
12069
13447
32188
20086
13104
31315
21707
11455
31404
30986
1610
31224
22137
15029
31208
13107
18731
26747
13562
32469
24924
32526
30939
15605
17721
30723
14108
12654
30469
30125
16669
31599
13767
18586
10099
29616
20124
13741
14757
12505
23563
32560
24054
11704
32444
23501
23105
19119
14058
15588
2137
31936
30823
11569
31571
21819
15941
31843
27368
11818
30656
20081
17517
10080
12639
11344
28132
16395
2143
18392
10301
16481
208
17857
32500
1202
12246
11003
15980
166
29857
22247
16911
1725
25229
1563
15787
15228
17921
1196
10735
32541
252
32227
32056
18000
15440
16176
16358
21509
21348
15247
22623
11508
14246
1102
31349
10155
30926
12380
22140
32141
1129
14971
11647
17272
25441
14530
30720
11300
25096
24033
12277
12929
14965
32159
17595
30703
30707
32456
17016
23963
31179
10081
17270
14767
13168
32313
15789
13727
10131
26634
12163
16203
19712
13851
24390
22312
12021
14509
29646
31756
12051
10067
13109
20268
10489
17877
31735
10949
20132
17076
144
19955
19413
13468
32360
30133
17972
10159
10442
13623
20281
18144
15394
31429
10280
25395
30915
16226
11000
21428
15109
1525
21567
2339
23157
1329
11566
18038
17321
13962
12906
28121
30325
14993
32368
2763
23965
15973
23446
13156
12677
10496
13707
12231
13206
11116
19171
13609
15057
10929
1172
19544
13424
30061
19269
27494
17482
13355
16204
21094
14467
30316
27633
1331
1682
20443
31095
32315
16564
31984
18065
12852
13925
11859
14941
21460
14967
17862
30036
11600
28321
15611
10580
31523
13045
31509
11252
21210
19405
15540
15155
29400
26372
10541
19735
26196
13954
14204
31241
25388
14240
31702
12681
17715
29500
17541
20748
15842
31211
19646
20777
22900
30749
10282
16339
1058
15077
18167
22431
10840
31293
1554
15316
2908
27027
18867
25165
32274
16766
17678
12430
21281
32339
21240
25541
12856
22857
18166
32120
22400
18688
1922
12498
23564
31549
13867
28173
32401
31537
13520
21536
14113
11378
10241
10740
11716
22912
27804
23751
26177
3048
14843
32022
